4 4 4 4 4 4 4 4 4 4 4 4 4 4 4 4 4 4 4 4 4 4 4 4 4 4 4 4 4 4 4 4 4 4 4 4 4 4 4 4 4 4 4 4 4 4 4 4 4 4 4 4 4 4 4 4 4 4 4 4 4 4 4 4 4 4 4 4 4 4 4 4 4 4 4 4 4 4 4 4 4 4 4 4 4 4 4 4 4 4 4 4 4 4 4 4 4 4 4 4 4 4 4 4 4 4 4 4 4 4 4 4 4 4 4 4 4 4 4 4 4 4 4 4 4 4 4 4 4 4 4 4 4 4 4 4 4 4 4 4 4 4 4 4 4 4 4 4 4 4 4 4 4 4 4 4 4 4 4 4 4 4 4 4 4 4 4 4 4 4 4 4 4 4 4 4 4 4 4 4 4 4 4 4 4 4 4 4 4 4 4 4 4 4 4 4 4 4 4 4 4 4 4 4 4 4 4 4 4 4 4 4 4 4 4 4 4 4 4 4 4 4 4 4 4 4 4 4 4 4 4 4 4 4 4 4 4 4 4 4 4 4 4 4 4 4 4 4 4 4 4 4 4 4 4 4 4 4 4 4 4 4 4 4 4 4 4 4 4 4 4 4 4 4 4 4 4 4 4 4 4 4 4 4 4 4 4 4 4 4 4 4 4 4 4 4 4 4 4 4 4 4 4 4 4 4 4 4 4 4 4 4 4 4 4 4 4 4 4 4 4 4 4 4 4 4 4 4 4 4 4 4 4 4 4 4 4 4 4 4 4 4 4 4 4 4 4 4 4 4 4 4 4 4 4 4 4 4 4 4 4 4 4 4 4 4 4 4 4 4 4 4 4 4 4 4 4 4 4 4 4 4 4 4 4 4 4 4 4 4 4 4 4 4 4 4 4 4 4 4 4 4 4 4 4 4 4 4 4 4 4 4 4 4 4 4 4 4 4 4 4 4 4 4 4 4 4 4 4 4 4 4 4 4 4 4 4 4 4 4 4 4 4 4 4 4 4 4 4 4 4 4 4 4 4 4 4 4 4 4 4 4 4 4 4 4 4 4 4 4 4 4 4 4 4 4 4 4 4 4 4 4 4 4 4 4 4 4 4 4 4 4 4 4 4 4 4 4 4 4 4 4 4 4 4 4 4 4 4 4 4 4 4 4 4 4 4 4 4 4 4 4 4 4 4 4 4 4 4 4 4 4 4 4 4 4 4 4 4 4 4 4 4 4 4 4 4 4 4 4 4 4 4 4 4 4 4 4 4 4 4 4 4 4 4 4 4 4 4 4 4 4 4 4 4 4 4 4 4 4 4 4 4 4 4 4 4 4 4 4 4 4 4 4 4 4 4 4 4 4 4 4 4 4 4 4 4 4 4 4 4 4 4 4 4 4 4 4 4 4 4 4 4 4 4 4 4 4 4 4 4 4 4 4 4 4 4 4 4 4 4 4 4 4 4 4 4 4 4 4 4 4 4 4 4 4 4 4 4 4 4 4 4 4 4 4 4 4 4 4 4 4 4 4 4 4 4 4 4 4 4 4 4 4 4 4 4 4 4 4 4 4 4 4 4 4 4 4 4 4 4 4 4 4 4 4 4 4 4 4 4 4 4 4 4 4 4 4 4 4 4 4 4 4 4 4 4 4 4 4 4 4 4 4 4 4 4 4 4 4 4 4 4 4 4 4 4 4 4 4 4 4 4 4 4 4 4 4 4 4 4 4 4 4 4 4 4 4 4 4 4 4 4 4 4 4 4 4 4 4 4 4 4 4 4 4 4 4 4 4 4 4 4 4 4 4 4 4 4 4 4 4 4 4 4 4 4 4 4 4 4 4 4 4 4 4 4 4 4 4 4 4 4 4 4 4 4 4 4 4 4 4 4 4 4 4 4 4 4 4 4 4 4 4 4 4 4 4 4 4 4 4 4 4 4 4 4 4 4 4 4 4 4 4 4 4 4 4 4 4 4 4 4 4 4 4 4 4 4 4 4 4 4 4 4 4 4 4 4 4 4 4 4 4 4 4 4 4 4 4 4 4 4 4 4 4 4 4 4 4 4 4 4 4 4 4 4 4 4 4 4 4 4 4 4 4 4 4 4 4 4 4 4 4 4 4 4 4 4 4 4 4 4 4 4 4 4 4 4 4 4 4 4 4
10 10 10 10 10 10 10 10 10 10 10 10 10 10 10 10 10 10 10 10 10 10 10 10 10 10 10 10 10 10 10 10 10 10 10 10 10 10 10 10 10 10 10 10 10 10 10 10 10 10 10 10 10 10 10 10 10 10 10 10 10 10 10 10 10 10 10 10 10 10 10 10 10 10 10 10 10 10 10 10 10 10 10 10 10 10 10 10 10 10 10 10 10 10 10 10 10 10 10 10 10 10 10 10 10 10 10 10 10 10 10 10 10 10 10 10 10 10 10 10 10 10 10 10 10 10 10 10 10 10 10 10 10 10 10 10 10 10 10 10 10 10 10 10 10 10 10 10 10 10 10 10 10 10 10 10 10 10 10 10 10 10 10 10 10 10 10 10 10 10 10 10 10 10 10 10 10 10 10 10 10 10 10 10 10 10 10 10 10 10 10 10 10 10 10 10 10 10 10 10 10 10 10 10 10 10 10 10 10 10 10 10 10 10 10 10 10 10 10 10 10 10 10 10 10 10 10 10 10 10 10 10 10 10 10 10 10 10 10 10 10 10 10 10 10 10 10 10 10 10 10 10 10 10 10 10 10 10 10 10 10 10 10 10 10 10 10 10 10 10 10 10 10 10 10 10 10 10 10 10 10 10 10 10 10 10 10 10 10 10 10 10 10 10 10 10
15 15 15 15 15 15 15 15 15 15 15 15 15 15 15 15 15 15 15 15 15 15 15 15 15 15 15 15 15 15 15 15 15 15 15 15 15 15 15 15 15 15 15 15 15 15 15 15 15 15 15 15 15 15 15 15 15 15 15 15 15 15 15 15 15 15 15 15 15 15 15 15 15 15 15 15 15 15 15 15 15 15 15 15 15 15 15 15 15 15 15 15 15 15 15 15 15 15 15 15 15 15 15 15 15 15 15 15 15 15 15 15 15 15 15 15 15 15 15 15 15 15 15 15 15 15 15 15 15 15 15 15 15 15 15 15 15 15 15 15 15 15 15 15 15 15 15 15 15 15 15 15 15 15
20 20 20 20 20 20 20 20 20 20 20 20 20 20 20 20 20 20 20 20 20 20 20 20 20 20 20 20 20 20 20 20 20 20 20 20 20 20 20 20 20 20 20 20 20 20 20 20 20 20 20 20 20 20 20 20 20 20 20 20 20 20 20 20 20 20 20 20 20 20 20 20 20 20 20 20 20
22 22 22 22 22 22 22 22 22 22 22 22 22 22 22 22 22 22 22 22 22 22 22 22 22 22 22 22 22 22 22 22 22 22 22 22 22 22 22 22 22 22 22 22 22 22 22 22 22 22 22 22 22 22 22 22 22 22 22 22 22 22 22 22 22 22 22 22 22 22 22 22 22 22 22 22 22 22 22
25 25 25 25 25 25 25 25 25 25 25 25 25 25 25 25 25 25 25 25 25 25 25 25 25 25 25 25 25 25 25 25 25 25 25 25 25 25 25 25 25 25 25 25 25 25 25 25 25 25 25 25 25 25 25 25 25 25
27 27 27 27 27 27 27 27 27 27 27 27 27 27 27 27 27 27 27 27 27 27 27 27 27 27 27 27 27 27 27 27 27 27 27 27 27 27 27 27 27 27 27 27 27 27 27
30 30 30 30 30 30 30 30 30 30 30 30 30 30 30 30 30 30 30 30 30 30 30 30 30 30 30 30 30 30 30 30 30 30 30 30 30 30 30 30 30
32 32 32 32 32 32 32 32 32 32 32 32 32 32 32 32 32 32 32 32 32 32 32 32 32 32 32 32 32 32 32 32 32 32 32 32 32
35 35 35 35 35 35 35 35 35 35 35 35 35 35 35 35 35 35 35 35 35 35 35 35 35 35 35 35 35 35 35 35 35
37 37 37 37 37 37 37 37 37 37 37 37 37 37 37 37 37 37 37 37 37 37 37 37 37 37 37 37
40 40 40 40 40 40 40 40 40 40 40 40 40 40 40 40 40 40 40 40 40 40 40 40 40 40 40 40 40 40 40 40
=
18000 7800 1900 1400 1300 1500 1600 2200 1400 1300 3000 1500 1700 2300 1500 2400 4100 2800 1900 1600 1500 1700 2300 2400 2400 2500 1500 3400 2200 1400 1600 2300 1500 1400 2200 1300 1400 2300 1400 1600 2100 1500 1400 2200 1300 1300 2200 1500 1400 2100 1500 1400 2200 1300 2300 4000 2300 1800 1300 1700 1400 2300 1400 1500 2200 1400 1600 2200 1600 1400 2200 1400 1700 2100 1400 1300 2100 1500 1400 2200 1600 1800 2100 1300 1400 1400 1500 1500 1300 1700 1400 1300 2200 1300 1500 1500 1500 1400 2200 1400 1300 2100 1300 1400 2300 1500 1500 2200 1500 1400 2000 1400 1500 2300 1300 1400 1300 1400 1300 2300 1400 1300 2000 1400 1400 1300 1600 1300 1300 2300 1500 1400 2300 1300 1400 1400 1500 1400 1500 1400 1300 1400 1600 2100 1300 1300 1300 1400 1300 1400 1400 1400 1400 1600 1300 2200 1500 1400 1300 1400 1300 1400 2100 1400 1400 2500 1500 1400 1600 1300 1500 1500 1500 1300 2100 2200 2500 3300 1900 2600 1400 1400 6400 1500 1900 4400 2300 2500 4400 1600 1500 2700 1600 1300 18000 3800 1900 2700 1500 1500 2400 1500 1300 2300 1300 1400 2000 1300 1300 2200 1400 1300 2300 1200 1400 2100 1400 1600 1400 1700 2200 1300 1500 2100 1400 1300 2300 3700 1500 2300 1400 1300 2200 1300 1300 2000 1300 1300 2200 1500 1500 2300 1200 1200 2400 1300 1300 2100 1200 1300 2000 1500 1500 1500 1300 1300 2100 1300 1400 2100 1300 1300 1400 1300 1300 2100 1200 1300 2300 1400 1300 1400 1300 1300 2300 1400 1400 2500 1200 1300 2400 1300 1500 2900 1500 1600 2200 1400 1300 1400 1400 1300 2600 1500 1400 1200 1400 1300 2000 1400 1300 1300 1300 1300 1300 1300 1400 1200 1300 1300 1300 2300 1300 1200 1500 1300 2100 1600 1500 1400 1300 1300 1400 2200 1300 1300 2000 1500 1400 2200 1300 1300 2400 1400 1400 2000 1300 1300 2100 1400 1300 2100 1300 1400 2200 1200 1300 2200 1300 1300 2000 1300 1300 2000 1300 1200 2200 1500 1400 2100 1400 1200 2100 1500 1400 2100 1300 1300 1300 1400 1400 1300 1400 1300 2100 1400 1300 1300 1500 1300 1300 1400 1300 1300 1200 1300 1300 1300 1400 1400 1300 1300 2400 1300 1300 1300 1300 1400 1400 1300 1400 2000 1400 1300 2100 1400 1300 1400 1300 1300 1300 1900 1300 2300 1400 1400 2100 1400 1300 2200 1400 1400 1400 1200 1300 2000 1300 1200 2200 1500 1400 2300 1300 1300 2200 1400 1300 2000 4000 1400 2200 1300 1400 2400 1300 1500 2300 1300 1400 2000 1300 1200 2300 1300 1300 2200 1300 1300 2100 1300 1300 1200 1300 1400 2000 1400 1200 2400 1400 1400 3100 1200 1200 1200 1300 1200 1200 1400 1300 1300 2100 1300 1400 1600 1300 2100 1300 1400 1400 2700 1500 1300 2500 1700 1300 1500 2800 1300 1200 1300 1300 1400 1400 2100 1300 1400 1300 1300 1300 2100 1400 6500 2500 1700 1500 1700 1400 1300 1800 2300 1400 1400 1300 1400 1400 1500 1400 2100 1400 1400 2200 1400 1300 2500 3500 1500 1600 1500 1400 3200 1400 1400 2500 1500 1400 2200 1500 1300 2200 1500 1400 2100 1400 1600 2200 1400 1500 2200 1200 1400 2100 1300 1300 2100 1400 1400 2100 1400 1300 2100 2100 1500 2300 1300 1500 2100 1300 1300 2000 1400 1500 2300 1300 1400 2100 1600 1500 2000 1400 1300 2500 1300 1400 2100 1300 1300 1400 1400 1800 2200 1400 1300 2100 1400 1300 1400 1300 1300 1400 1300 2100 1800 1300 1400 1400 1300 1200 1400 1400 2200 1500 1400 2400 1400 1300 2100 1200 1500 2100 1800 1500 2300 1300 1400 2100 1300 1300 2000 1300 1300 2000 1400 1500 2100 1400 1200 2000 1300 1300 1300 1400 1400 2200 1400 1400 2100 1500 1500 1300 1500 1300 1300 2100 1300 1400 2100 1600 2000 2100 1300 1400 2500 1300 1500 2100 1300 1400 2200 1300 1300 1300 1500 1400 1300 2000 1300 1300 2000 2000 1300 2200 1300 1300 2400 4200 1400 2200 1300 1400 2400 1400 1500 2200 1500 1300 1400 1400 1300 2000 1300 1300 1300 1400 1400 1300 1700 1400 1500 1400 1300 2000 1400 1200 1300 1400 1300 2200 1300 1400 2100 1300 1300 2100 1300 2100 2000 1300 1400 2100 1300 1400 2500 1400 1300 2100 1300 1300 1300 1400 1200 2100 1400 1400 2200 1300 1400 2100 1300 1300 2100 2300 1500 2300 1500 1300 2200 1300 1400 2100 1300 1300 2100 1300 1400 1500 1300 1500 1500 1400 1300 1300 1400 1400 1300 1400 1300 1500 1300 1300 1500 1300 1400 1300 1400 2100 1900 1400 2100 1300 1300 2200 1200 1400 1300 1400 1400 1400 1300 1400 1400 1300 1300 2100 1300 1400 2100 1300 1400 2000 1400 1300 2200 1400 1400 2100 1300 1300 2100 1300 1300 2100 1300 1400 1300 1400 1500 1400 1300 2200 1400 1400 1300 1400 1400 2100 1300 1300 2100 1200 1300 2000 1400 1300 2200 1300 1300 2100 1400 1400 2000 1400 1300 2100 1400 1300 2000 1300 1300 1300 1400 1400 1400 1500 1300 1300 2300 1400 1300 1400 1300 1400 1300 1300 1400 1600 1300 1300 1500 1300 1300 1400 1300 1300 1300 1300 1400 2100 1300 1300 1600 1300 2000 1300 1300 1300 2200 1300 1300 2100 1300 1500 2200 1300 1400 2400 1300 1300 2400 1400 1400 2300 1300 1300 2800 1400 1300 2300 1300 1300 2200 1400 1500 2100 1300 1300 2100 1400 1300 2300 1300 1300 2200 1400 1400 1300 1400 1300 1800 1400 1500 2700 1400 1300 1400
3100 3700 2300 3400 2300 3100 3700 2400 3300 2300 3000 2400 3100 2500 2600 3200 2400 2600 3100 2500 3100 2500 2600 2300 3500 3300 3300 2500 3300 2300 3400 3000 2600 3600 2200 3200 2300 2300 2600 3200 2300 3400 2300 3000 3300 2200 3300 2500 2400 3200 3300 2500 3600 3100 2300 3200 2400 2300 2500 3400 2500 3400 2500 2500 3100 3300 2300 3000 3100 2600 2500 3200 2500 3400 3300 3800 2300 3500 3200 2400 2500 3500 3100 2200 3100 2400 3300 2500 3600 3300 3300 2500 2500 3200 2400 3300 2300 3700 2300 3100 3400 2800 3400 2700 3200 2400 2700 3000 3500 2400 3100 3200 2600 2300 3300 2500 2600 3100 3600 2200 2300 3400 10100 4300 2600 3200 2400 3200 2200 3200 2300 3300 2500 2500 2400 2700 3100 3200 2600 2800 3300 3100 3300 5500 3400 3000 2300 2500 2700 2400 2500 2300 2500 2300 3100 2300 3100 2200 3200 2400 3800 3400 2400 3200 2400 2400 3100 2400 3300 3100 2300 3000 2500 3000 3200 2400 3100 3300 2400 3200 2500 3100 3200 2300 3000 2400 3100 2400 3100 2400 3200 3700 2400 3500 3200 3300 2400 3200 3200 2300 2400 3300 2400 3000 3500 3300 2600 3300 2400 3200 2600 2300 2500 2500 3100 2400 3100 2500 3400 3100 2300 3100 3500 2400 3300 2800 4000 2200 2900 3000 2700 2400 2300 3400 3900 3500 3300 2200 3100 2400 3300 3300 2800 2600 3300 3500 3400 2300 2400 3100 2300 2600 2400 2400 3400 3000 2500 2600 3100 3200 2600 3200 2300 3200 2400 3400 2400 2500 3300 2400 3200 2400 3500 3300 2700 3100 2600 3300 3200 2700 3500 3200 3200 2400 2300 2400 2300 3100 2300 3200 3300 2300 3200 2200 3100 2300
4600 3900 4700 4300 3900 3300 3800 4000 4300 4500 3900 4300 4200 3300 3900 3200 3900 4700 3400 5300 3200 4500 4400 4000 4800 4300 4200 3100 3900 3100 4000 3300 3900 4200 3100 4300 3400 5200 3100 3300 5200 4100 3300 3900 4200 4300 4000 3200 4200 4300 3100 3200 3900 3100 4100 3500 3500 4600 3900 4300 4500 5400 6600 3100 4400 3300 4200 3300 4900 4100 4300 4100 3100 4100 4100 3200 4600 3300 4000 4300 4000 4500 3200 4100 3300 3700 4200 4300 3400 4500 4300 3900 4300 4000 4000 3300 5100 3200 5200 4200 3300 4100 3100 3900 3900 3100 4000 3100 3100 4000 4400 4500 4100 4200 4600 4300 5100 3300 3200 4700 3300 3700 3200 3200 4400 4300 3200 3900 3200 3200 4100 3300 4900 4000 4400 4800 3400 4200 4200 3800 3300 4000 4100 4300 4300 4300 4300 4400 3400 3200 4500 5100 4800 3900
5100 4300 5300 4000 6300 5000 5500 4900 4700 4600 5000 4800 4300 4900 5600 4900 5100 5200 5400 5000 4900 4000 5100 6100 5600 4000 5100 6800 4400 4800 5000 5800 5000 5000 4100 5400 4200 4900 5200 5300 5200 4700 4800 4400 4600 5000 6100 5100 3900 5200 4800 4800 5300 6300 4100 4800 5200 5500 5300 5200 4900 5000 6400 5100 4200 6000 5200 4000 5000 6600 4800 5200 5300 5200 5100 4600 4000
4700 5200 5300 4700 4700 6300 5600 10000 7900 6400 5300 5500 5200 6900 6500 5200 4400 5300 6100 5500 4600 4300 5500 7400 5400 6000 5400 6200 5100 4800 6700 6900 4600 5200 5000 5400 6000 5600 5000 4300 4500 5300 5300 5400 4400 5000 5300 4900 5900 5200 5600 6000 5400 5300 4300 5100 5200 5300 5700 5300 5600 5200 5800 5700 4200 6700 5200 6400 7200 5400 7400 6000 5300 5300 4600 5500 5100 6000 5400
5500 7500 6100 6600 6100 8900 5600 6500 5800 6300 6200 5800 5500 5700 5800 6300 5800 4700 5600 5800 5900 5800 5700 5700 5800 4800 5900 5000 5800 6100 5800 5800 4900 4900 6300 5800 5700 8400 5700 5600 6900 5800 5900 8100 5900 5800 5700 5700 7100 6700 10500 5000 5800 5900 6600 5100 6900 5600
6900 6600 6200 6500 6100 6100 8600 5200 5400 6500 14200 11600 7400 6000 6100 6100 5400 6000 6300 6800 6200 7900 6500 6200 6400 6200 5900 5900 8500 6400 6200 7200 7500 6100 6300 5900 6100 6300 6100 6100 7000 6400 6300 6300 6400 6300 6200
7400 6600 7500 6900 7500 6800 6900 10100 7400 7200 6700 6800 8900 10200 6700 10400 7000 6600 6600 6700 6700 6500 7100 5800 7100 7500 7200 10600 6600 6600 7000 6500 6600 6900 8700 6800 5700 5200 6100 7900 6600
9900 7900 7500 7400 7700 7900 8200 10200 10800 7800 7100 7300 7600 7500 7300 8500 7400 10900 8200 7700 7300 7600 8300 7700 9700 7800 7600 7400 8500 8300 9000 7700 11200 7400 8900 8500 23300
10300 7900 8000 7900 8200 8200 8100 8100 8000 7900 7700 8100 10500 9100 8600 8400 8000 9500 8300 10800 7900 8200 9700 9400 8000 7900 7800 11200 7800 8000 7800 8200 8300
8600 10000 9300 8500 8300 8400 8800 8800 9000 8600 10700 8300 8900 8400 14700 8600 8600 9300 7800 10100 9400 8400 8300 8200 8500 10000 9400 9300
9700 8700 10000 8800 9700 12500 10300 9000 9200 13900 8900 9300 10000 9300 9200 9500 8600 10300 10500 10400 8900 9900 9200 9100 10200 10100 8800 10300 9300 9000 10000 8700
=
1129 2528 2256 4422 1538 2453 5255 4919 2098 1891 3611 3102 2551 3184 12485 2353 5474 4834 7649 1209 3414 2486 2024 4966 1792 5602 3966 2717 4212 523 3260 3359 2090 4009 3006 4371 4096 6970 5098 3681 1548 1872 8430 3770 1354 4864 2052 2751 3901 1870 4088 2710 5818 17186 2173 3582 3497 2464 2413 3499 5403 3213 4480 4162 5875 2120 4111 3980 2364 8979 5691 926 3184 4346 2352 2302 2457 4195 3424 3714 3504 475 3621 1777 2444 1118 4042 1609 1314 2148 2995 3381 5071 2094 4391 3084 3419 1279 2881 2965 2493 2209 1992 2582 1018 3151 1537 3013 1742 1664 2403 2193 1648 4469 3014 3714 1360 365 4730 4385 5391 6441 1598 10966 1770 24500 3293 4679 3215 4055 1617 3231 1874 3880 1140 3904 3034 5049 1924 3962 2307 3136 3233 631 3135 2539 4361 3373 1167 1809 3531 1745 3620 2370 2569 1479 4237 2494 2488 3091 4132 2268 1101 4756 2247 1712 3352 3700 4279 3176 3162 2924 2411 3559 2643 2666 3993 4668 2111 3130 3610 2311 2699 14144 638 1726 3077 1499 6805 3438 2463 804 3606 2024 2572 2628 4361 3466 4302 3785 3426 2097 2376 3876 1800 2400 1800 4737 2345 6119 3951 4750 2503 2381 3414 2724 2649 3712 1470 4697 5022 2772 4248 3079 2845 3520 4532 1921 7155 2718 2476 4818 2209 4071 2258 1407 2792 420 4228 6555 3124 3262 2795 2577 2933 2422 2178 2257 2036 3027 3698 3856 2668 4117 3230 1135 1521 13334 2615 4803 3804 3480 1908 10314 2213 5488 3716 3747 5456 1653 2875 9414 2178 8180 3478 1376 4377 2147 2085 11160 12579 1706 1047 3849 3686 3085 2383 4225 9106 3276 1262 3086 5782 1766 1608 1004 2347 3627 2732 956 1580 2363 1685 3035 2639 2682 2841 2215 2564 1485 1630 4919 2614 3747 1563 2581 4858 1680 2446 1355 5944 3415 3710 3619 3428 550 1930 2986 4725 3436 6082 2988 3245 3081 2240 2319 587 2082 593 3650 4993 1442 1547 4394 4007 1929 2560 4766 2371 4179 84084 3214 9971 1658 75820 32824 800 2921 49329 4251 1885 2587 3990 5620 3853 2264 2582 1903 1319 3171 4546 687 2600 2703 3453 1744 2337 2407 1914 2385 2808 1158 2389 3639 2419 2901 1292 4776 1779 5336 3346 1038 3752 1415 2714 4202 2652 4532 2085 1539 2786 2939 1428 2536 2353 1895 4104 1855 4603 1312 2340 4061 3131 358 4447 750 2740 4432 830 5253 4276 4892 3701 4554 902 3003 2830 7537 3644 2026 2352 3307 2097 3875 4759 2408 1648 1155 8837 4582 4281 1011 2369 2118 2372 4386 1406 3982 1604 3561 5405 1852 3789 6570 1476 2250 2271 2436 2767 3440 10782 6586 6025 3597 2340 3778 1659 3197 4683 4255 4469 3142 1692 288 4273 7712 3567 5029 1501 2149 6151 2150 3209 4504 1728 2506 4925 4771 2372 984 2027 1537 3946 2974 2549 1889 2967 3573 540 6051 2225 3762 4650 8792 2386 3200 4669 3719 4133 3630 1665 3438 6073 3184 9576 5850 1011 1507 5587 3065 4936 3256 3377 3872 3392 3131 1813 5873 3018 2320 1662 1656 3662 2580 3964 5034 31037 2323 2056 6249 1626 2083 1296 3582 2312 4319 3641 1926 3324 1262 2128 519 3512 1896 2163 4986 1766 1422 3820 4569 884 4268 3539 3235 3316 2009 4853 3793 5615 2766 4510 2971 455 4235 3241 2232 2429 2347 2315 2101 2114 3196 1440 2082 2381 4731 2967 5020 4444 2675 2706 722 3835 3724 3782 4726 2483 2595 2271 3614 1588 1663 5772 1279 1839 1739 4384 3292 2010 3696 4909 4299 3397 3745 5422 2173 1642 4663 3489 5227 4033 5602 2936 3527 1170 2821 4410 2426 2306 3090 3437 4420 5095 1817 1960 3734 17569 2397 4367 2046 3753 1633 2389 4732 3109 1893 2040 1803 270389 2721 3772 6002 2179 2820 884 1721 3146 1516 5983 107 4503 3009 2094 4202 3891 6459 4072 1990 5979 2144 1987 3904 943 1903 4072 2450 4459 1939 1002 2946 6350 1665 2036 2216 2572 3476 3920 1816 1945 4785 4232 3548 646 1434 4340 4567 2038 1993 2512 13840 2460 2469 1295 2337 1870 3031 3473 5723 668 1005 3475 1685 3592 2323 1625 3310 1709 2955 4346 2854 2951 1232 5367 6180 2431 5268 3077 2779 5047 3399 11355 3315 3609 2757 3761 2611 5207 4307 3244 4236 2979 1893 1333 1821 4041 11480 2073 558 4255 2601 2694 4851 2977 1913 1463 5200 4735 5548 4156 4104 5010 5420 4762 3122 2707 3168 4419 2626 3514 5050 454 2074 1658 2749 5091 1632 3595 4213 2633 3278 5034 2881 2309 2628 2405 1803 3112 1957 2751 3231 2408 4540 3474 2133 2457 6254 3874 3159 1038 2068 2416 3001 1526 2532 3669 3428 1546 1738 2751 2837 5442 3339 3051 26004 5594 940 3173 1303 2244 2457 2499 2456 2573 3907 3743 5730 3669 3007 4009 4662 4455 3772 5990 1257 2968 3955 3797 2212 1924 16575 2895 1791 2324 3587 4528 2192 2753 3203 2211 3249 4039 3166 4108 1827 8296 1722 2040 4804 4139 2019 1842 1683 2684 4069 3672 7023 9660 2465 1377 2213 1816 3012 4768 2310 1110 2358 3847 4235 681 2174 4161 3644 4974 3452 2034 9918 4330 3357 1955 957 1533 3951 3411 4969 2459 3392 2056 3370 2530 1240 2793 2646 4457 36518 3031 8259 2455 1617 1439 1788 4055 1747 3527 3976 2455 5248 3863 2927 3795 2837 3540 2845 2678 3778 3304 2236 1167 1749 2308 1124 4121 1551 2004 3362 1926 3362 2477 242379 3864 1828 2846 3311 3252 3798 2803 1457 940 3214 2383 4053 1691 1811 3285 542
2743 3226 4851 6792 3759 3896 9025 4179 3468 3773 2250 6859 2332 3918 4629 8436 2686 4623 9086 3837 2802 9000 4957 2078 11828 12169 2824 4529 2258 2997 9495 4799 4626 4694 11415 34848 3436 3025 2878 9280 3702 8312 5812 2560 10708 21241 5611 5180 8375 10370 10040 3777 10949 3908 3105 3744 3343 3174 7699 2504 4572 2395 4434 7316 6157 7728 6211 75019 9404 8667 3170 4909 1684 7950 9996 11584 4671 8546 11287 4838 9431 10685 2907 3245 2329 679 3235 7196 7121 3207 10610 12814 7732 7844 1484 2039 4265 2503 3095 787 9043 2014 2330 4637 8672 2714 4447 2460 12633 435 11710 5722 9862 2849 10204 6525 1568 3015 9640 2067 25862 6483 3791 9228 2236 7093 3202 5777 4895 5290 5481 7799 3612 3543 1123 15586 4816 8291 10070 10177 13327 1843 9268 2899 10293 2560 2155 3018 4874 2116 3975 1402 1484 13473 2766 1136 2495 923 2549 6694 10654 7844 4682 4396 3768 4631 5944 6044 12462 2702 870 6610 7169 6506 7093 6312 1078 17201 3680 7397 4422 5000 5528 1498 4469 2367 1411 6702 1075 7259 9016 3978 3685 6728 6693 7096 5519 9354 8533 4398 1661 15478 1211 2829 3028 7761 1149 6424 5034 1423 7447 3074 4149 7654 243425 4522 2185 8554 10000 5707 2343 4376 13890 4726 2256 609 9740 2432 8488 1412 5215 4089 5318 12184 9955 10248 11879 1881 2299 3659 4626 8927 1743 11863 8512 5003 10392 3710 1153 5720 1543 9631 3648 3276 8103 3267 8889 9062 5790 4032 4651 4877 1319 5308 6085 7301 4624 6486 2345 6948 813 5269 9695 5185 3260 3320 1403 8453 4661 6328 10472 11243 2545 3814 5746 2455 2418 1828 4774 1901 11198 5048 2823 1374 4366 2978
6165 1898 9095 10923 1675 2000 3598 5464 1427 20671 2775 11320 5256 3158 2881 2462 3735 10387 2504 20083 5972 7704 9612 5386 15303 13243 1802 1274 3923 1396 2200 3770 2422 2977 6668 2736 2876 11597 911 4285 19974 15228 1505 21144 5874 14746 746 1543 2787 12698 1040 3574 3347 4062 2340 4917 4439 4004 4229 9360 17324 17968 9870 5920 12387 6033 10420 9093 15397 10698 10966 2866 5329 2771 5794 2949 2209 1759 5860 4229 2880 5138 3528 918 4737 6351 5563 4807 9009 11090 19211 2899 13859 570 8521 4424 18403 3400 13240 7713 1056 181 1841 4384 7126 2002 6770 159 5109 9744 7146 4680 9781 15756 10120 4831 13983 2887 2294 5241 2994 2368 2778 1206 6805 5825 3842 2354 2388 39088 5152 5647 14725 4847 7035 9427 2526 5889 10233 4052 2382 2020 6401 14470 6965 15521 7826 1144 5515 3239 4862 17343 13086 2879
4566 3603 11212 3212 20430 602 17371 3070 1987 3796 1373 3230 2206 2580 15175 4851 6680 11716 7150 2670 4145 2082 6872 21453 3209 7100 5773 10661 4571 5648 5829 4255 3340 3815 3843 10639 6159 3281 5463 14122 8853 1753 1056 7617 5090 10234 17893 1961 1755 3749 5112 4518 2696 18593 4883 2651 5760 11190 6913 10629 4134 2885 16819 418 1762 13167 4839 1332 2097 20630 1575 2999 9403 10406 4396 4011 1738
23619 1393 909 3900 3548 7069 12457 12550 14066 3538 8436 2137 5991 22278 13758 2315 2217 2452 5275 3460 4049 1395 1382 9502 5860 16751 1542 4358 1726 2511 11082 31596 3328 3340 4334 6775 15628 2745 3558 771 2117 3474 2264 2150 67536 5502 3645 12294 5154 1409 10377 12739 2894 2074 3960 11250 6044 4692 3289 3935 11532 2487 5552 5111 1602 5250 2652 18058 27333 2093 22355 11280 1131 9425 2811 7575 2788 2317 4102
3781 25668 909 8270 9141 25350 856 5522 10612 8854 7263 4898 1433 4389 9118 2330 5848 2639 3225 13638 16350 7526 2357 3737 1157 1549 8853 1646 5070 1810 3606 8012 6716 3000 1212 12986 5385 22664 1766 3091 17195 7169 6133 24031 8178 1554 2583 2834 24140 18689 9964 2395 4513 2374 13895 1641 17155 3475
4386 3300 2873 5336 1531 3265 17192 6015 3540 3886 2840 2800 2055 3343 2086 3158 3871 7526 1570 5442 13190 14759 7709 4411 3176 5810 3262 5636 34907 6604 4653 15583 16149 8760 6806 3890 6304 7768 6720 3671 3379 4048 8120 1727 9347 5362 2147
4572 17630 5347 33500 6345 8045 8104 1545 3506 9063 3449 2423 24675 25883 4058 40205 29220 1904 2863 2450 5058 5115 2324 1225 2655 16963 2483 41211 3305 3776 2746 3672 3674 7068 19557 3688 2985 5811 4043 6369 75422
1783 5226 1338 2853 3152 8423 3706 26116 10895 2359 7309 3129 2730 2404 5326 3442 14154 6208 4818 5051 8015 1543 8921 11567 24886 12432 1994 3963 10151 16246 2287 4458 31073 3563 15724 14595 1723
11114 3982 5022 5326 5800 5010 3394 2738 13562 5012 1865 5466 21859 15286 6028 3664 4791 5234 8745 17893 1068 6768 4326 10195 5485 2574 4410 30052 2195 3282 3376 7325 5150
5124 14288 15483 8454 4533 2276 1433 7909 1693 3663 23614 3715 4546 1367 40944 7764 1537 3882 8210 8964 5591 5755 3137 3412 1048 13033 6156 7122
8498 2904 10966 2883 11042 30334 3442 4000 7950 4580 1734 7476 10708 4406 3563 1733 2852 24186 10730 16119 5418 3369 7104 1136 7582 15282 4541 5118 8769 3265 14307 3523
