4 4 4 4 4 4 4 4 4 4 4 4 4 4 4 4 4 4 4 4 4 4 4 4 4 4 4 4 4 4 4 4 4 4 4 4 4 4 4 4 4 4 4 4 4 4 4 4 4 4 4 4 4 4 4 4 4 4 4 4 4 4 4 4 4 4 4 4 4 4 4 4 4 4 4 4 4 4 4 4 4 4 4 4 4 4 4 4 4 4 4 4 4 4 4 4 4 4 4 4 4 4 4 4 4 4 4 4 4 4 4 4 4 4 4 4 4 4 4 4 4 4 4 4 4 4 4 4 4 4 4 4 4 4 4 4 4 4 4 4 4 4 4 4 4 4 4 4 4 4 4 4 4 4 4 4 4 4 4 4 4 4 4 4 4 4 4 4 4 4 4 4 4 4 4 4 4 4 4 4 4 4 4 4 4 4 4 4 4 4 4 4 4 4 4 4 4 4 4 4 4 4 4 4 4 4 4 4 4 4 4 4 4 4 4 4 4 4 4 4 4 4 4 4 4 4 4 4 4 4 4 4 4 4 4 4 4 4 4 4 4 4 4 4 4 4 4 4 4 4 4 4 4 4 4 4 4 4 4 4 4 4 4 4 4 4 4 4 4 4 4 4 4 4 4 4 4 4 4 4 4 4 4 4 4 4 4 4 4 4 4 4 4 4 4 4 4 4 4 4 4 4 4 4 4 4 4 4 4 4 4 4 4 4 4 4 4 4 4 4 4 4 4 4 4 4 4 4 4 4 4 4 4 4 4 4 4 4 4 4 4 4 4 4 4 4 4 4 4 4 4 4 4 4 4 4 4 4 4 4 4 4 4 4 4 4 4 4 4 4 4 4 4 4 4 4 4 4 4 4 4 4 4 4 4 4 4 4 4 4 4 4 4 4 4 4 4 4 4 4 4 4 4 4 4 4 4 4 4 4 4 4 4 4 4 4 4 4 4 4 4 4 4 4 4 4 4 4 4 4 4 4 4 4 4 4 4 4 4 4 4 4 4 4 4 4 4 4 4 4 4 4 4 4 4 4 4 4 4 4 4 4 4 4 4 4 4 4 4 4 4 4 4 4 4 4 4 4 4 4 4 4 4 4 4 4 4 4 4 4 4 4 4 4 4 4 4 4 4 4 4 4 4 4 4 4 4 4 4 4 4 4 4 4 4 4 4 4 4 4 4 4 4 4 4 4 4 4 4 4 4 4 4 4 4 4 4 4 4 4 4 4 4 4 4 4 4 4 4 4 4 4 4 4 4 4 4 4 4 4 4 4 4 4 4 4 4 4 4 4 4 4 4 4 4 4 4 4 4 4 4 4 4 4 4 4 4 4 4 4 4 4 4 4 4 4 4 4 4 4 4 4 4 4 4 4 4 4 4 4 4 4 4 4 4 4 4 4 4 4 4 4 4 4 4 4 4 4 4 4 4 4 4 4 4 4 4 4 4 4 4 4 4 4 4 4 4 4 4 4 4 4 4 4 4 4 4 4 4 4 4 4 4 4 4 4 4 4 4 4 4 4 4 4 4 4 4 4 4 4 4 4 4 4 4 4 4 4 4 4 4 4 4 4 4 4 4 4 4 4 4 4 4 4 4 4 4 4 4 4 4 4 4 4 4 4 4 4 4 4 4 4 4 4 4 4 4 4 4 4 4 4 4 4 4 4 4 4 4 4 4 4 4 4 4 4 4 4 4 4 4 4 4 4 4 4 4 4 4 4 4 4 4 4 4 4 4 4 4 4 4 4 4 4 4 4 4 4 4 4 4 4 4 4 4 4 4 4 4 4 4 4 4 4 4 4 4 4 4 4 4 4 4 4 4 4 4 4 4 4 4 4 4 4 4 4 4 4 4 4 4 4 4 4 4 4 4 4 4 4 4 4 4 4 4 4 4 4 4 4 4 4 4 4 4 4 4 4 4 4 4 4 4 4 4 4 4 4 4 4 4 4 4 4 4 4 4 4 4 4 4 4 4 4 4 4 4 4 4 4 4 4 4 4 4 4 4 4 4 4 4 4 4 4 4 4 4 4 4 4 4 4 4 4 4 4 4 4 4 4 4 4 4 4 4 4 4 4 4 4 4 4 4 4 4 4 4 4 4 4 4 4 4 4 4 4 4 4 4 4 4 4 4 4 4 4 4 4 4 4 4 4 4 4
10 10 10 10 10 10 10 10 10 10 10 10 10 10 10 10 10 10 10 10 10 10 10 10 10 10 10 10 10 10 10 10 10 10 10 10 10 10 10 10 10 10 10 10 10 10 10 10 10 10 10 10 10 10 10 10 10 10 10 10 10 10 10 10 10 10 10 10 10 10 10 10 10 10 10 10 10 10 10 10 10 10 10 10 10 10 10 10 10 10 10 10 10 10 10 10 10 10 10 10 10 10 10 10 10 10 10 10 10 10 10 10 10 10 10 10 10 10 10 10 10 10 10 10 10 10 10 10 10 10 10 10 10 10 10 10 10 10 10 10 10 10 10 10 10 10 10 10 10 10 10 10 10 10 10 10 10 10 10 10 10 10 10 10 10 10 10 10 10 10 10 10 10 10 10 10 10 10 10 10 10 10 10 10 10 10 10 10 10 10 10 10 10 10 10 10 10 10 10 10 10 10 10 10 10 10 10 10 10 10 10 10 10 10 10 10 10 10 10 10 10 10 10 10 10 10 10 10 10 10 10 10 10 10 10 10 10 10 10 10 10 10 10 10 10 10 10 10 10 10 10 10 10 10 10 10 10 10 10 10 10 10 10 10 10 10 10 10 10 10 10 10 10 10 10 10 10 10 10 10 10 10 10 10 10 10 10 10 10 10 10 10 10 10 10 10
15 15 15 15 15 15 15 15 15 15 15 15 15 15 15 15 15 15 15 15 15 15 15 15 15 15 15 15 15 15 15 15 15 15 15 15 15 15 15 15 15 15 15 15 15 15 15 15 15 15 15 15 15 15 15 15 15 15 15 15 15 15 15 15 15 15 15 15 15 15 15 15 15 15 15 15 15 15 15 15 15 15 15 15 15 15 15 15 15 15 15 15 15 15 15 15 15 15 15 15 15 15 15 15 15 15 15 15 15 15 15 15 15 15 15 15 15 15 15 15 15 15 15 15 15 15 15 15 15 15 15 15 15 15 15 15 15 15 15 15 15 15 15 15 15 15 15 15 15 15 15 15 15 15
20 20 20 20 20 20 20 20 20 20 20 20 20 20 20 20 20 20 20 20 20 20 20 20 20 20 20 20 20 20 20 20 20 20 20 20 20 20 20 20 20 20 20 20 20 20 20 20 20 20 20 20 20 20 20 20 20 20 20 20 20 20 20 20 20 20 20 20 20 20 20 20 20 20 20 20 20
22 22 22 22 22 22 22 22 22 22 22 22 22 22 22 22 22 22 22 22 22 22 22 22 22 22 22 22 22 22 22 22 22 22 22 22 22 22 22 22 22 22 22 22 22 22 22 22 22 22 22 22 22 22 22 22 22 22 22 22 22 22 22 22 22 22 22 22 22 22 22 22 22 22 22 22 22 22 22
25 25 25 25 25 25 25 25 25 25 25 25 25 25 25 25 25 25 25 25 25 25 25 25 25 25 25 25 25 25 25 25 25 25 25 25 25 25 25 25 25 25 25 25 25 25 25 25 25 25 25 25 25 25 25 25 25 25
27 27 27 27 27 27 27 27 27 27 27 27 27 27 27 27 27 27 27 27 27 27 27 27 27 27 27 27 27 27 27 27 27 27 27 27 27 27 27 27 27 27 27 27 27 27 27
30 30 30 30 30 30 30 30 30 30 30 30 30 30 30 30 30 30 30 30 30 30 30 30 30 30 30 30 30 30 30 30 30 30 30 30 30 30 30 30 30
32 32 32 32 32 32 32 32 32 32 32 32 32 32 32 32 32 32 32 32 32 32 32 32 32 32 32 32 32 32 32 32 32 32 32 32 32
35 35 35 35 35 35 35 35 35 35 35 35 35 35 35 35 35 35 35 35 35 35 35 35 35 35 35 35 35 35 35 35 35
37 37 37 37 37 37 37 37 37 37 37 37 37 37 37 37 37 37 37 37 37 37 37 37 37 37 37 37
40 40 40 40 40 40 40 40 40 40 40 40 40 40 40 40 40 40 40 40 40 40 40 40 40 40 40 40 40 40 40 40
=
31000 7900 1600 2000 1900 1900 3800 1500 2000 1600 2300 2100 2000 1900 1300 2000 1400 1300 1400 1800 1900 1900 1900 2100 1900 1900 1900 2000 1800 1800 2000 1800 1700 2000 1900 1900 1400 1200 1800 2000 1600 1700 1100 1400 1100 1200 1900 1800 1800 1300 1800 1300 1700 1200 1900 2100 1900 1400 1700 2200 1900 1900 1200 2000 1900 1800 2100 1900 1700 1300 1900 2100 1700 1900 1200 1800 1200 1800 1200 1800 1200 1800 1900 1700 1800 1800 1900 1900 1700 2100 1200 1300 1900 1800 1900 1900 1900 1200 1300 1800 1700 1700 1700 2100 1300 2100 1700 2300 2200 1200 1100 2200 2200 2000 1100 1800 1800 2000 2000 2000 1900 1400 1700 1300 1200 1200 1700 1100 1800 1300 2000 2100 1300 1100 1000 700 1000 1000 1000 4800 2500 1300 1900 2000 2200 1500 1200 1700 1800 1200 1800 1700 1700 1900 1800 2000 1900 1800 1900 1900 1800 2000 1700 2000 2000 2300 1400 2200 1800 1900 1900 1100 1800 1900 1100 1800 2000 2100 2400 1700 1800 1900 1700 1100 1200 1700 2000 1700 1800 1100 1900 1700 1800 1900 1200 14500 2700 1800 1800 1800 1800 1200 1900 1900 2100 1200 2200 1500 1300 1900 1900 1700 2100 1800 1200 2100 1900 1900 1900 2000 1700 1800 1200 1900 1900 2000 1800 5100 1500 2000 1800 1400 1200 1900 1700 1100 1800 1700 2000 1800 1800 1900 1100 1100 1700 1700 2100 1200 1700 1900 1300 1700 1300 1800 1200 1800 1800 1300 1200 1800 1700 1700 1400 1300 1900 1100 1800 1900 1700 1900 1900 1200 1700 1300 2100 1700 1700 1200 1500 1200 1200 1800 1700 1800 1200 1900 1900 1300 1200 1800 1900 1900 1800 1800 1600 1800 1900 1900 2000 1200 2100 1100 1900 92600 2600 1300 1900 1900 1500 1900 1700 1200 2000 1200 2000 1800 1900 1900 1200 1800 1100 2100 1300 1700 1200 1300 1700 1700 1300 1100 1800 1600 1200 2000 1700 1700 1700 1900 1700 1700 1300 1600 1600 1800 1800 1900 1700 2400 1800 1200 1200 2000 1300 1800 1200 1300 1100 1900 1200 1800 1700 1200 1200 1400 1700 3800 1300 1700 1800 1900 1800 1700 1800 1200 1900 1900 1800 1300 1100 2000 1800 1600 1700 2000 1100 1800 1800 1200 2000 1700 1700 1800 1700 1700 1200 1700 1700 1400 1800 1700 24700 2600 1800 1200 1800 1100 1100 1600 1900 1900 1000 1700 1800 1700 1800 1100 1200 1800 1700 1800 1800 1900 1800 1200 1700 1200 19300 14900 1400 2100 1700 1200 1400 1800 1800 1900 1700 1700 1200 1300 1700 1800 2000 1800 1300 1900 1100 1400 1600 1800 1800 1800 1800 1100 1300 1900 1300 1200 1100 1900 1300 1200 1800 1800 1800 1900 1700 1800 1800 2500 1300 1100 1200 1600 1700 1100 1100 1100 1800 1100 1800 1700 1700 1900 1800 1900 1100 1800 1100 1800 1200 1600 1900 1800 1800 1800 1700 1900 1700 1900 1200 1700 1800 1000 1800 1800 1200 1200 1900 1800 1800 1800 1300 1500 1100 1800 1900 1800 1700 1900 1800 1700 1100 1100 1200 1600 1100 1700 1800 1700 1600 1700 1800 1900 1100 1500 1000 1600 1700 1100 1700 1800 1500 1000 1700 1700 1700 1700 1700 1800 1800 1800 1800 1800 1700 1700 1900 1800 1400 1300 1200 1800 1000 1100 1900 1800 2100 1900 1100 1200 2000 1200 1800 1800 1800 1200 1100 1700 1800 1800 1800 1700 1200 1700 1600 1700 7800 1900 2300 1300 2100 1900 2000 1900 1900 2400 1800 1800 1400 2000 1300 1700 1300 1800 1900 1800 1800 1900 2100 1200 1300 1600 1300 1800 2100 1900 1700 1800 1800 2000 1400 1900 1900 1900 1700 1900 1200 1700 1800 2100 2000 1200 1300 1300 1200 1200 1300 1900 2000 1900 2000 1900 1800 1900 2000 1300 1300 2000 1200 2100 1900 1900 1900 1800 1900 2100 1300 2100 1500 2400 1300 1300 1900 1200 1900 1700 2000 1800 2200 1200 1900 2100 1300 2000 1800 1900 1900 1200 1100 1200 1300 1300 1800 2000 1300 1300 1200 1800 1800 1200 12400 3800 2400 2000 1900 1800 4700 2000 1900 1100 1700 1800 1700 1900 1200 1200 1800 5300 2100 1400 1300 2000 1900 2100 1200 1300 1700 1100 1900 1700 1700 1400 1400 2100 1800 1300 1800 1200 1900 1200 1100 1800 1800 1200 1800 1700 1800 1900 1800 1100 1700 1800 2300 1400 1300 1300 1300 2100 1900 1400 1900 2100 1700 2100 1700 1800 2100 1100 1800 1800 3800 2000 1800 1800 1300 1900 1300 1400 1900 1200 1700 1800 1700 1900 2000 1900 1800 1200 1900 1800 1200 1700 1700 1400 1800 1900 2000 1700 1200 1700 2100 1800 1200 1200 1900 1900 1800 1800 2100 1800 1800 1200 1300 1900 1200 1700 1900 1800 1300 2100 1900 1500 1200 1200 1800 1700 2000 1700 1900 1100 1700 2100 2000 1800 1900 1200 1200 1800 1800 1300 1900 1900 1900 2000 1500 1600 2000 2400 1900 1300 1700 1800 1500 2300 2100 1200 2000 2000 2000 2000 2300 1900 2300 1800 1400 1300 1600 1300 1200 1100 1500 700 1400 1100 700 1000 700 1000 700 1000 1100 1000 1100 1100 1100 600 1100 1100 1100 1000 1100 600 700 700 1100 700 1100 1000 1000 1100 1400 6700 1500 1200 1700 1900 1900 2100 2000 1800 1700 1200 1300 1200 1200 1200 1800 1100 1600 1700 1800 1300 1100 2000 1800 1900 1800 1800 1900 1200 1800 2100 1800 1900 1100 1700 1800 1900 1200 1100 1900 1800 1800 2000 1800 10700 1400 700 1200 1100 1300 22200 3600 1600 2000 1900 1700 2300 1200 1600 1600 2300 1600 2300
2100 2700 2200 2200 1700 2500 2600 9500 3300 2100 1800 1800 2100 2500 2100 2100 2300 2700 1600 2900 1600 2300 2500 2200 2200 2200 2400 2300 2300 2100 2700 1700 1900 1700 1700 1700 1600 2400 2400 1900 1700 2000 1700 1500 1900 1700 3300 2500 2500 1700 1900 2500 1900 2200 1600 1800 1600 2500 2300 2300 2600 2500 1800 1900 1800 1800 1700 1800 1800 1800 1700 2400 1700 2000 1900 1800 1700 2100 1800 2700 5100 2100 2300 1800 2800 4700 7300 2600 2700 3200 4700 3200 5800 2800 2500 3000 2200 4400 3000 2700 2300 2100 2300 2500 2300 3200 2300 2900 2400 2900 2300 2900 2400 2900 2800 2400 8200 2500 3100 2400 1400 1600 1100 1500 1600 1400 2000 2300 2300 3300 1700 1400 3200 3200 1800 1700 3800 2500 2600 2900 2500 1300 2600 3700 2600 2600 3400 2000 1800 1700 1800 2900 3400 2600 2900 1400 2000 3100 3300 15400 4100 3000 1500 1300 1700 3200 2000 1500 3200 1900 1700 1300 1300 1300 1600 1700 1700 2700 2300 1400 1700 1900 1400 1600 1300 1600 1300 2200 1700 2000 2400 2000 2800 2200 2100 2200 2400 2100 2100 2300 2700 2300 2500 1900 2500 2200 2500 2100 2700 2400 2000 2700 1800 2300 1800 1800 2500 2300 2000 1700 2500 3000 2300 1900 1700 2500 2200 2400 2200 1800 2800 2000 2600 2700 2200 2000 2100 2500 2600 2000 2100 2200 2600 2300 2200 2000 2500 2000 2600 2000 2500 2000 2600 2100 2000 2300 2800 2100 2300 2000 3200 2100 1800 2400 3100 2800 2100 2300 2100 2000 1800 2100 2300 3100 2000 2800 2400 2200 2100 2200 1400 1300 1300 1700 1300 1500 1100 1700 1200 3300 2600 2300 2100 2600 3100 2500
3300 2900 3200 3400 3500 3700 2600 3000 3200 3600 3600 3000 3600 2900 3000 2600 5000 3400 3300 3500 2800 3700 3200 4100 3400 3000 4200 3800 2700 3600 2800 4200 3700 3900 2500 2600 3700 3300 3600 3600 4100 3700 3900 2700 3500 3900 3900 3700 2800 3100 3800 3200 2900 3200 4200 3000 4100 4000 3900 3300 3300 3600 3700 3400 3200 3000 3300 4100 3400 3100 3200 4500 3000 3800 3500 3700 4100 3000 3200 3400 2900 9600 2800 3800 4600 3300 3300 3000 3100 3200 3300 3100 3500 4100 3800 3300 3500 3800 3800 3200 3800 3600 3500 3700 3000 2700 2900 3500 2700 2900 3300 3500 3400 3300 4400 2700 3800 2900 4000 2900 3400 3100 2800 4400 2900 4300 3700 3200 3500 3500 4100 4200 5300 3600 3600 4400 3000 6600 8500 4700 4300 3700 4300 4500 4500 3100 2900 3700 2900 3700 3800 4100 5100 3900
5100 4300 3600 3500 4300 4100 4200 3800 3500 4400 4200 4400 4700 3400 4200 4900 4200 4300 4000 4100 4100 3600 3300 4600 4500 3600 4100 3900 4900 3800 3800 5000 4300 3600 4600 4300 3400 4400 5200 4500 3900 3900 4900 3800 3800 4000 4200 4300 4000 4600 4500 4700 4600 4800 3400 4400 3700 3600 4100 4500 3400 4600 4900 4500 3300 4100 5100 3400 3300 4500 4600 5100 5800 4700 9200 3400 4000
4400 4600 4100 4000 4600 4500 4300 4300 4400 3900 4100 4600 4100 6600 4600 4300 4900 4600 4100 4500 3800 4300 4600 4700 3800 4400 4800 6300 4000 3600 4300 36900 4300 3400 2300 3600 3300 3500 2100 3200 3300 2400 2900 3100 3300 3000 2500 2200 3800 2200 3000 2800 3200 3500 2300 2500 2200 2700 3300 3100 2700 3000 2700 2700 3300 3800 3300 3600 3800 2200 4200 3300 3000 2700 38000 6700 3300 3500 3000
3100 3900 30900 4000 3800 4200 3500 2900 2600 2800 2700 3300 3600 3200 3300 3800 2700 2400 3100 3000 3000 2400 3000 3900 3800 3600 2800 2300 2700 3200 11600 3600 2800 3500 3800 3300 4300 4800 5400 4000 4500 2600 4000 4000 3600 3800 3600 3900 3700 3300 2600 3600 2800 3600 2900 3100 3200 3700
5000 3000 2800 3600 3600 3300 4400 3700 3500 3900 3800 3800 4200 4200 4300 3300 2600 3000 3800 3900 3900 5800 3800 4100 3700 3300 2900 2900 4800 3600 3300 3600 4100 3300 2900 2700 2800 3700 3700 4200 3900 3900 3000 3800 3400 4400 4000
4800 3600 23000 3800 3600 4200 4200 3500 3200 4100 4900 3100 7700 5400 4600 6200 3300 4600 30000 5200 5400 6900 6100 5300 28200 5200 4600 6300 4300 3800 5200 4100 3800 3500 4700 16400 2800 3400 4900 4000 3200
11400 4600 6200 5600 5800 15400 9100 7100 39400 12600 6800 5200 5000 5300 5800 6600 3800 7000 6100 6100 5500 5000 4700 5200 7200 4700 6300 6200 5200 5800 5900 4400 7100 4700 5900 5300 7800
6500 4300 5800 5200 6100 4600 5800 6500 7800 6000 5400 4500 5900 5800 11900 6000 6400 5900 4800 6100 6300 6500 6000 6200 6200 5900 5900 7700 4700 4600 6200 5100 6900
9500 14900 7500 7600 12700 8200 5600 13100 6000 5500 6400 6800 5500 5500 8000 5400 5700 5700 5000 6200 6200 4600 5500 5900 5800 11900 6700 5800
7100 6200 4400 6300 5400 6700 6400 3800 4700 5700 6700 5400 6500 6400 6200 3500 5900 13600 8900 26300 6900 23600 6400 6600 6200 5900 7800 5700 5200 6200 6200 6600
=
1207 3037 2256 8360 3487 3088 6384 4919 6540 1891 11186 3927 10802 4267 12485 3076 5474 4834 7649 1630 6232 3855 10120 5446 3611 6193 9277 177150 4404 1681 4126 3541 3493 7223 3508 6943 4096 6970 6737 4362 8816 2439 8430 3770 1354 4864 2188 3538 4286 1870 7178 2710 6154 17186 3802 4266 4475 2464 5917 3668 7284 7144 4480 5671 10052 7685 5047 11043 3467 8979 6068 1731 4383 4830 2352 3357 2457 4289 3424 4445 3504 1796 3708 1935 2877 26832 4295 2162 5101 3857 2995 3381 7038 2117 4727 7881 3681 1279 2881 3591 6925 4170 3213 2679 1018 4617 3107 7740 1946 1817 7281 2835 82810 5865 3014 3861 5893 2798 10819 7190 5886 6441 2269 10966 1770 24500 4224 4679 5359 4055 2501 4166 2995 6424 1486 3904 3658 6366 2064 5270 3481 3136 4422 2112 3915 2539 4361 5040 1273 1809 4311 1784 4314 5815 2569 3578 4654 11736 2661 4425 4631 4867 1483 5870 6116 14721 3352 6226 5728 167463 4468 2924 2982 3930 2643 2860 6083 6039 2534 3812 3864 2856 3002 14144 638 3053 4735 259327 6988 3438 5295 1978 4875 3477 2572 4911 4723 5188 5551 4348 3961 2097 2594 4854 5607 11142 1928 4737 2345 9280 4757 6426 3334 3896 3414 3019 4294 3723 1484 5827 5913 5117 4248 6136 3186 6806 4659 2008 7155 3977 2622 4818 2209 4187 9878 1407 3268 2149 5508 7925 4134 3983 2795 2577 4175 3290 2668 2257 11753 3968 3698 4767 2668 4266 3230 1283 5359 13334 2615 6265 5253 4279 1908 10314 3377 5488 5008 4264 5737 3963 3834 9414 17424 8180 4606 7626 7038 2147 5409 11160 12579 2729 7048 5097 3686 5610 21447 4225 9106 4348 1346 9509 5903 2626 24388 1140 3902 6420 2921 956 1630 2363 2422 5591 2639 2682 3490 4256 2564 2463 8615 4919 2768 3747 2577 3110 4906 2909 2446 1967 5944 3688 3710 10619 3428 550 4511 4773 4725 3436 10035 4439 3245 5961 2708 3671 1588 2903 11860 3670 4993 1632 2242 10173 4120 2700 3126 4957 2468 4179 84084 3359 9971 2035 75820 32824 800 3327 49329 5015 5819 2587 3990 5620 4740 3131 2582 2283 5614 4354 7412 17690 3754 2703 5826 4813 5764 2407 1914 4054 3733 2354 2975 4086 2419 3172 3923 4776 3057 7089 4334 1417 3859 2174 2714 6802 2683 4532 3199 52047 3168 2942 2041 2536 5005 1895 4104 2472 4624 1621 2340 6107 3171 926 4726 750 2740 6940 2082 7377 5651 5884 4401 4554 1451 3003 4543 7537 3644 2374 4460 3307 2097 5120 5921 2578 2495 1426 8837 4582 4369 4629 2704 2510 2372 4653 1406 3982 3348 4725 6199 3106 5284 6570 1476 2510 2271 2436 2767 4821 10782 6586 6515 5660 4302 4730 4270 5310 4799 4896 4469 3142 1692 2736 4509 7712 3567 5029 2097 2149 6280 5081 3845 5549 6909 2877 4925 5781 2372 1080 2027 2117 6220 3531 2880 2053 4192 9197 1721 7610 2225 5916 5119 8792 4304 4680 4669 3719 7767 24514 2081 3751 6073 3184 9576 6703 1995 2029 7812 3329 5348 8882 3377 3872 3392 3717 1813 7021 4201 5151 2986 4039 3704 2915 3964 5223 31037 27295 10622 6249 1899 2920 1555 3582 3175 4713 5475 3935 3429 11576 3486 42570 8385 2438 5023 6477 3717 2437 3820 4569 884 4603 3539 3235 4281 3693 5322 4926 5615 2766 5135 2971 14560 4326 4303 2232 2429 3438 4051 2142 3024 3318 1440 2088 2744 6118 3901 5020 4815 2675 4307 4933 3982 3930 5320 4956 8427 2933 2271 3785 1588 6153 5772 1395 2123 3899 5167 6255 3670 3696 4909 4299 3397 4613 5601 3392 5017 4846 5439 6219 4033 6047 3110 3804 2626 4276 4410 2660 3545 4138 3763 4420 5095 1817 1960 3734 17569 2431 8542 4861 8352 16852 4082 4796 4183 1893 2040 18030 270389 8861 4451 6275 7006 3309 2475 3235 3146 2197 5983 8025 4503 3009 2957 4202 4181 6459 4989 3083 8085 2144 2434 3918 943 2740 4097 8764 5640 1939 1002 2946 6350 1665 2545 2880 2572 3476 3920 2011 5049 4785 5230 6074 646 3344 9085 4753 3890 2046 3166 13840 3982 4230 2929 3373 1870 3031 4608 6515 1336 1005 3475 3498 19847 3482 1625 3310 2207 2955 5153 27227 3544 1232 5367 7201 3458 5268 3197 2779 5831 3399 11355 4299 4277 2757 7713 4095 5530 5724 3673 4236 3683 7729 2964 1821 4041 11480 2073 8258 5639 2601 4640 5788 6938 2241 1910 7525 6826 5548 8751 5337 5737 5713 6416 3597 2707 4045 4419 2626 3668 5050 2198 2666 5247 3986 6271 2300 3934 4213 2666 4205 5034 3270 2916 2628 4922 2006 3494 7470 2751 3669 2713 5618 3474 2133 2680 6623 3874 5692 3535 3055 2870 3001 1526 174002 3669 3578 3792 2063 2751 3113 5816 3339 3051 26004 7342 2585 5844 5863 2531 2457 3817 3245 3804 5111 4187 5730 3669 3544 7236 4662 4670 3913 8473 1682 2968 3955 4047 2669 4848 16575 3508 8037 2324 4643 5931 2192 3755 3950 3118 3282 5280 3458 4109 3461 8296 1722 2393 5982 5588 3133 7928 1683 2747 4908 3672 7023 9660 23006 1377 2348 2275 4592 11116 3960 2395 2358 4795 5609 2086 12451 6045 3644 4974 3452 13325 9918 4995 3988 2611 1040 1919 4016 3411 4969 4864 4310 3300 5170 3398 1572 5002 2646 4457 36518 3031 8259 4001 1617 2962 4684 5825 1747 3527 4164 3002 6142 4333 4203 3841 2837 4390 3813 3520 6548 3304 2381 1194 1966 2308 1124 27127 4512 4162 3874 2068 6617 2496 242379 4032 2623 2846 3311 4882 4428 51216 1598 11720 8514 2383 4881 2571 2335 4128 5567
2743 3266 4851 6792 3759 3896 9025 6504 6561 3773 2250 6859 30316 8596 4629 8436 2877 5065 9086 4691 2802 9000 4957 8052 11828 12169 5256 5333 3316 2997 9495 4799 4626 4694 11415 34848 3436 4326 4528 9280 3702 8312 5812 2560 10708 21241 8145 6133 8878 10370 10040 7983 10949 3932 3105 3744 3343 3652 7699 4920 6391 3193 4434 7316 6157 7728 6211 75019 9404 8667 3170 7913 1684 7950 9996 11584 4671 8546 11287 4865 9431 10685 3786 3245 2402 1913 5951 7434 7121 5232 10610 12814 7732 7844 1484 10195 4265 3017 6747 1213 9043 2014 2330 4637 8672 4085 4447 4568 12633 11600 11710 11897 9862 4670 10204 6525 3628 4583 9640 2067 25862 6483 3791 9228 8305 7093 3424 5777 4895 6729 5481 7799 5248 4814 1770 15586 5485 8291 10070 10177 13327 1843 9268 10288 10293 2560 2738 4412 6214 2528 7287 1522 1780 13473 2903 1136 2976 4512 4686 6743 10654 7844 4682 4396 4878 5984 5944 6044 12647 2702 1367 6610 7169 6506 7093 7576 1078 17201 7339 7397 5004 6914 5528 2311 4469 4147 1411 7976 1702 7259 9016 3978 3836 6728 6693 7096 5519 9354 8533 4398 2097 15478 3302 2829 3311 7761 2165 6424 5663 3449 7447 4820 4149 7654 243425 4522 2822 8554 10000 5707 3070 4490 13890 4726 2256 2240 9740 2605 8488 1412 6385 4089 6847 12184 9955 10248 11879 2226 3511 3659 4626 8927 5791 11863 8512 5003 10392 3710 4776 5720 3407 9631 3986 3276 8103 3267 9254 9062 5790 4032 5896 4877 1319 5308 6355 8213 4624 6486 2345 6948 813 5269 9695 5901 3260 4671 1525 8453 4661 6328 10472 11243 2545 5672 5746 15275 2418 2220 4774 10220 11198 5048 2823 3435 4761 155890
6165 1898 9095 10923 2128 2666 3598 5464 1852 20671 3372 11320 6520 3158 2881 2462 4575 10387 2504 20083 5972 7704 9612 8490 15303 13243 2703 5460 3923 2982 2200 4139 2521 4579 6668 2736 5700 11597 4150 4434 19974 15228 2320 21144 5874 14746 2984 2886 2787 12698 1300 3574 3347 4062 3393 4917 4891 4737 4402 9360 17324 17968 9870 5920 12387 6033 10420 9424 15397 10698 10966 3477 5329 4151 5794 4578 6819 1759 5860 4229 2880 5138 3528 10420 5656 6351 5563 4807 9009 11090 19211 2899 13859 2190 8521 4424 18403 4174 13240 7713 1243 1764 3170 6051 7126 2002 6770 318 5109 9744 7146 4680 9781 15756 10757 4831 13983 2887 2498 5241 2994 2368 2778 2211 6805 6007 4083 2354 2769 39088 6196 6107 14725 10665 7035 9427 2526 6593 10233 4106 4790 2453 7534 14470 6965 15521 7826 4862 5515 4267 4862 17343 13086 4456
5078 3690 11212 3212 20430 1956 17371 3070 1987 7245 3661 3615 2355 2580 15175 5076 6680 11716 7150 2839 4145 2082 6872 21453 4581 7100 5773 10661 6897 5648 5829 4856 3627 3815 7139 10639 6159 4383 9674 14122 8853 2427 1741 7617 5090 10234 17893 2296 2632 4900 6879 5187 3284 18593 4883 20503 5760 11190 6913 10629 4134 4226 16819 1745 1762 13167 11172 1332 2097 20630 4853 3155 9403 10406 4396 4011 2462
23619 2620 1090 3900 11800 7069 12457 12550 14066 3538 8436 155900 5991 22278 13758 2315 3198 2674 5275 4828 4049 4284 3270 9502 5860 16751 10024 4358 1726 2511 11082 31596 3976 4433 4334 8725 15628 2958 3558 4240 2953 3474 2264 8958 67536 5502 3645 12294 7077 1409 10377 12739 3964 3259 3960 11250 6044 4692 4113 4306 11532 4591 5552 5111 8544 6066 3852 18058 27333 2093 22355 11280 1622 9425 3518 8857 6768 4399 5948
3781 25668 1454 8270 9141 25350 2240 5522 10612 8854 7263 4898 1874 4389 9118 3413 5848 2639 4605 13638 16350 7526 2357 4789 2081 2082 8853 1646 5070 3373 5944 8012 6716 4750 2666 12986 5544 22664 4473 3178 17195 7169 7776 24031 8178 1915 7941 24101 24140 18689 9964 4237 4513 12214 13895 3750 17155 3818
4609 3300 2873 5336 6124 3265 17192 10965 3853 6372 5493 3414 3401 6482 2826 3158 3871 7526 3072 5768 13190 14759 7709 4411 3652 5810 3262 5636 34907 6604 4653 15583 16149 8760 6806 3890 6304 7768 6720 24354 3749 31035 8120 3142 9347 5712 6134
4572 17630 5608 33500 6345 8045 8104 1545 3506 9063 3517 2423 24675 25883 4374 40205 29220 2380 3312 2450 5058 5317 3873 1225 6778 16963 3103 41211 8234 3776 3159 5462 3674 7068 19557 10147 2985 5811 4175 6369 75422
2593 5226 16056 3829 3283 8423 5157 26116 10895 2731 7490 3129 2730 2404 5498 4887 14154 7395 4818 6845 9048 3703 8921 11567 24886 12432 2175 4476 10151 16246 2421 4458 31073 3563 15724 14595 1895
11114 3982 5022 5326 5843 5010 4286 2817 13562 6209 2936 5466 21859 15286 6028 3678 5231 5234 8745 17893 2464 6828 5434 10195 5947 3085 5972 30052 2776 3282 4889 7325 5150
5400 14288 15483 8454 5801 2982 2543 8849 18616 3663 23614 4265 4546 3645 40944 7764 2817 5450 8210 8964 6332 5755 3202 3412 3144 13033 6156 7122
8498 25785 10966 3485 11042 30334 3519 4000 7950 4580 1990 7476 10708 4406 4522 1733 2918 24186 11944 16119 5418 3391 7104 7480 7582 15282 5624 5118 8769 7609 14307 4660
